97847
3606
3808
4368
6096
3204
3116
1807
3214
3271
18905
2254
2999
3104
2817
4322
4597
3652
22707
38295
2278
2881
3549
131
3418
3583
2693
5436
2417
2061
2209
11188
40253
1095
604
5500
12831
2335
6341
10399
1148
14506
3072
407
1418
868
1437
1331
5973
83766
12367
2013
2037
8848
4261
3539
8696
3532
9561
6118
3435
9325
6360
3674
35650
2670
13487
9272
3824
1242
4206
10221
55650
596
1188
1637
7221
9545
8670
10297
8126
5560
2810
27551
2956
2613
3649
1159
6512
4545
2936
562
1750
576
293
78047
2907
3122
3484
5024
2534
2526
1431
2593
2703
14969
1831
2451
2505
2327
3434
3680
2886
17640
30252
1825
2302
2872
109
2763
2902
2066
4284
1978
1653
1783
8587
31958
878
493
4317
10247
1825
5033
8251
914
11624
2407
326
1170
732
1189
996
4804
66792
9782
1649
1663
7193
3473
2915
6783
2925
7630
4793
2759
7281
5042
2904
28053
2138
10563
7407
3025
1028
3354
7945
43285
478
862
1241
5683
7540
6661
7859
6370
4385
2206
21261
2230
2100
2834
933
4984
3467
2208
448
1395
442
220
19800
699
686
884
1072
670
590
376
621
568
3936
423
548
599
490
888
917
766
5067
8043
453
579
677
22
655
681
627
1152
439
408
426
2601
8295
217
111
1183
2584
510
1308
2148
234
2882
665
81
248
136
248
335
1169
16974
2585
364
374
1655
788
624
1913
607
1931
1325
676
2044
1318
770
7597
532
2924
1865
799
214
852
2276
12365
118
326
396
1538
2005
2009
2438
1756
1175
604
6290
726
513
815
226
1528
1078
728
114
355
134
73
17163
14304
17448
27990
12942
11857
7631
13825
13280
72458
9439
14060
11462
13058
17037
19321
15108
97622
6818
6966
11397
262
11135
13131
9406
18067
5966
7975
8613
48160
168164
4473
2008
21344
53716
9240
26973
45937
4473
57222
11168
1049
5589
3253
5671
4749
25743
37529
6552
8637
35399
13662
11821
26335
15396
38460
19855
15670
33443
27462
13764
109428
10214
44376
19708
6413
1225
12070
35130
166016
1559
1556
4966
25746
25790
22287
28133
27651
19294
9034
69859
7441
4810
9313
2355
18959
12121
7610
1035
4383
1592
240
163076
7368
5982
6952
11546
4999
4770
3076
5606
5455
28745
3911
5700
4633
5443
6788
7549
5977
38576
54898
2773
3000
4848
124
4724
5511
3905
7333
2246
3216
3536
18530
70967
1874
956
8958
22604
3972
11307
19427
1869
25048
5139
514
2473
1374
2396
2161
10991
127661
16184
2805
3583
15180
5807
5071
11044
6409
15326
8462
6554
14016
11450
5770
46453
4298
18568
8915
2982
577
5356
14672
71509
709
689
2121
11156
11317
9527
11875
11903
8249
3963
31258
3287
2267
4062
1139
8448
5333
3431
490
1992
690
119
9795
8322
10496
16444
7943
7087
4555
8219
7825
43713
5528
8360
6829
7615
10249
11772
9131
59046
81601
4045
3966
6549
138
6411
3519
3657
4071
5991