3348.44
3380.80
3363.00
3335.47
3351.60
3298.46
3246.59
3236.92
3315.57
3281.06
3319.47
3357.01
3385.49
3401.20
3383.54
3340.97
3339.19
3398.96
3331.84
3438.00
3426.96
3455.06
3580.84
3526.65
3500.31
3508.01
3484.55
3479.07
3447.00
3431.00
3397.16
3385.51
3374.85
3389.78
3381.99
3372.85
3373.43
3380.35
3333.69
3360.47
3351.28
3349.16
3327.77
3306.51
3294.61
3271.12
3246.22
3258.44
3218.44
3239.41
3214.00
3215.63
3235.66
3276.02
3257.30
3251.84
3224.73
3215.57
3226.56
3197.52
3155.22
3185.04
3152.05
3169.94
3145.32
3179.72
3129.00
3129.00
3130.01
3115.86
3100.29
3053.24
3009.05
3083.76
3050.33
3131.29
3117.86
3097.74
3115.34
3113.49
3124.74
3066.59
3041.31
3002.10
3190.14
3207.18
3232.39
3193.93
3112.35
3122.87
3080.82
3055.73
3044.31
3029.73
3036.13
2991.77
2955.45
2948.51
2971.61
2922.94
2953.91
2863.70
2852.50
2820.00
2870.12
2930.32
2929.80
2881.19
2848.42
2868.44
2842.74
2830.71
2912.43
2939.51
2863.39
2878.48
2836.74
2797.80
2799.31
2736.56
2823.16
2874.56
2799.55
2783.36
2846.06
2761.63
2789.82
2749.98
2659.41
2663.68
2488.65
2526.90
2470.50
2584.59
2626.65
2541.47
2630.07
2475.56
2447.33
2237.40
2304.92
2409.39
2398.10
2529.19
2386.13
2711.02
2480.64
2741.38
2882.23
2746.56
2972.37
3023.94
3130.12
3003.37
3090.23
2954.22
2978.76
3116.39
3128.21
3225.89
3337.75
3373.23
3386.15
3370.29
3380.16
3373.94
3379.45
3357.75
3352.09
3327.71
3345.78
3334.69
3297.59
3248.92
3225.52
3283.66
3273.40
3276.24
3243.63
3295.47
3325.54
3321.75
3320.79
3329.62
3316.81
3289.29
3283.15
3288.13
3265.35
3274.70
3253.05
3237.18
3246.28
3234.85
3257.85
3230.78
3221.29
3240.02
3239.91
3223.38
3224.01
3221.22
3205.37
3191.14
3192.52
3191.45
3168.80
3168.57
3141.63
3132.52
3135.96
3145.91
3117.43
3112.76
3093.20
3113.87
3140.98
3153.63
3140.52
3133.64
3110.29
3103.54
3108.46
3120.18
3122.03
3120.46
3096.63
3094.04
3091.84
3087.01
3093.08
3085.18
3076.78
3074.62
3078.27
3066.91
3037.56
3046.77
3036.89
3039.42
3022.55
3010.29
3004.52
2995.99
3006.72
2986.20
2997.95
2989.69
2995.68
2966.15
2970.27
2938.13
2919.40
2893.06
2938.79
2952.01
2910.63
2887.61
2940.25
2976.74
2961.79
2977.62
2984.87
2966.60
2991.78
2992.07
3006.79
3006.73
3005.70
2997.96
3007.39
3009.57
3000.93
2979.39
2978.43
2978.71
2976.00
2937.78
2906.27
2926.46
2924.58
2887.94
2869.16
2878.38
2847.11
2922.95
2924.43
2900.51
2923.65
2888.68
2847.60
2840.60
2926.32
2883.09
2918.65
2938.09
2883.98
2881.77
2844.74
2932.05
2953.56
2980.38
3013.18
3020.97
3025.86
3003.67
3019.56
3005.47
2985.03
2976.61
2995.11
2984.42
3004.04
3014.30
3013.77
2999.91
2993.07
2979.63
2975.95
2990.41
2995.82
2973.01
2964.33
2941.76
2924.92
2913.78
2917.38
2945.35
2950.46
2954.18
2926.46
2917.75
2889.67
2886.98
2891.64
2879.84
2885.72
2886.73
2873.34
2843.49
2826.15
2803.27
2744.45
2752.06
2788.86
2783.02
2802.39
2826.06
2822.24
2856.27
2864.36
2840.23
2859.53
2876.32
2850.96
2834.41
2811.87
2881.40
2870.72
2879.42
2884.05
2932.47
2945.64
2917.52
2923.73
2945.83
2943.03
2939.88
2926.17
2927.25
2933.68
2907.97
2905.03
2900.45
2907.06
2905.58
2907.41
2888.32
2888.21
2878.20
2895.77
2892.74
2879.39
2873.40
2867.24
2867.19
2834.40
2815.44
2805.37
2818.46
2798.36
2800.71
2854.88
2824.23
2832.57
2832.94
2822.48
2808.48
2810.92
2791.52
2783.30
2743.07
2748.93
2771.45
2789.65
2792.81
2803.69
2784.49
2792.38
2793.90
2796.11
2792.67
2774.88
2784.70
2779.76
2775.60
2745.73
2753.03
2744.73
2709.80
2707.88
2706.05
2731.61
2737.70
2724.87
2706.53
2704.10
2681.05
2640.00
2643.85
2664.76
2642.33
2638.70
2632.90
2670.71
2635.96
2616.10
2610.30
2582.61
2596.26
2596.64
2584.96
2574.41
2549.69
2531.94
2447.89
2510.03
2506.85
2485.74
2488.83
2467.70
2351.10
2416.62
2467.42
2506.96
2546.16
2545.94
2599.95
2650.54
2651.07
2636.78
2637.72
2633.08
2695.95
2700.06
2790.37
2760.17
2737.76
2743.79
2682.17
2673.45
2632.56
2649.93
2641.89
2690.73
2736.27
2730.20
2701.58
2722.18
2726.22
2781.01
2806.83
2813.89
2755.45
2738.31
2723.06
2740.37
2711.74
2682.63
2641.25
2658.69
2705.57
2656.10
2740.69
2755.88
2767.78
2768.78
2809.21
2809.92
2750.79